# Orton3 - vyrovnani zprostredkujicich pozorovani

5 0 4 3 3 0 0 1 0   # m1 nz m2 n1 n2 defect type e c 
0.1 1e-06 1         # tol1 tol2 magn 

 1  2  1  1  3  1   # vstupni matice
 2  3  2  0  2  0 
 3  4  3  2 -1  1 
 4  5  2 -1  1  2 
 5  6  1  3  2 -1 
 1 -3 -1  1  0  0 
 2  1  0 -3  0  0 
19 22  7  7  0  0 
 9 11  7 -5  0  0 
 1  0  0  0  0  0 
 0  1  0  0  0  0 
 0  0  1  0  0  0 

PROCEDURE O R T O N 3

TOL   = 0.1
TOLMIN= 1e-06

COLUMN NO.:    1
TRY COL. NO.   1
ABSMAX[   5,   1]= 5.0000000000e+00
NORM[   1]= 1.4832396974e+00

COLUMN NO.:    2
TRY COL. NO.   2
ABSMAX[   5,   2]= 6.0000000000e+00
NORM[   2]= 1.5891043154e-01

COLUMN NO.:    3
TRY COL. NO.   3
ABSMAX[   3,   3]= 3.0000000000e+00
NORM[   3]= 5.5777335102e-01

COLUMN NO.:    4
TRY COL. NO.   4
ABSMAX[   5,   4]= 3.0000000000e+00
NORM[   4]= 9.8561076061e-01

COLUMN NO.:    5
TRY COL. NO.   5
ABSMAX[   1,   5]= 3.0000000000e+00
NORM[   5]= 2.8729720246e-01

COLUMN NO.:    6
TRY COL. NO.   6
ABSMAX[   4,   6]= 2.0000000000e+00
NORM[   6]= 9.8561076061e-01


                1                 2                 3                 4 

   1     1.348399725e-01   7.627700714e-01  -4.780914437e-01   3.142857143e-01 
   2     2.696799450e-01   4.767312946e-01   1.195228609e-01  -6.285714286e-01 
   3     4.045199175e-01   1.906925178e-01   7.171371656e-01   1.428571429e+00 
   4     5.393598900e-01  -9.534625892e-02   1.195228609e-01  -2.228571429e+00 
   5     6.741998625e-01  -3.813850357e-01  -4.780914437e-01   1.114285714e+00 
   6     1.348399725e-01  -4.481274169e+00   3.705208689e+00   3.314285714e+00 
   7     2.696799450e-01  -1.620886402e+00   1.075705748e+00  -2.857142857e+00 
   8     2.561959477e+00  -2.288310214e+00   9.561828875e-01   1.571428571e+00 
   9     1.213559752e+00  -4.767312946e-01   2.031888636e+00  -6.685714286e+00 
  10     1.348399725e-01  -1.334847625e+00   1.075705748e+00   4.428571429e-01 
  11     0.000000000e+00   1.048808848e+00  -1.075705748e+00  -7.428571429e-01 
  12     0.000000000e+00   0.000000000e+00   5.976143047e-01   3.571428571e-01 

                5                 6 

   1    -3.142857143e-01   4.571428571e-01 
   2     6.285714286e-01  -9.142857143e-01 
   3    -4.285714286e-01  -2.857142857e-01 
   4     2.285714286e-01   1.485714286e+00 
   5    -1.142857143e-01  -7.428571429e-01 
   6     1.968571429e+01   1.457142857e+00 
   7     5.857142857e+00   5.714285714e-01 
   8     1.428571429e+00  -7.142857143e-01 
   9     3.685714286e+00  -2.542857143e+00 
  10     5.557142857e+00   3.714285714e-01 
  11    -5.257142857e+00  -1.714285714e-01 
  12     1.642857143e+00  -5.714285714e-01 
