# Orton3 - vyrovnani zprostredkujicich pozorovani s podminkami

5 2 4 3 3 0 0 1 1   # m1 nz m2 n1 n2 defect type e c 
0.1 1e-06 1         # tol1 tol2 magn 

 1  2  1  1  3  1   # vstupni matice
 2  3  2  0  2  0 
 3  4  3  2 -1  1 
 4  5  2 -1  1  2 
 5  6  1  3  2 -1 
 1  2 -1  3  0  0 
 2 -3  2 -4  0  0 
 1 -3 -1  1  0  0 
 2  1  0 -3  0  0 
19 22  7  7  0  0 
 9 11  7 -5  0  0 
 1  0  0  0  0  0 
 0  1  0  0  0  0 
 0  0  1  0  0  0 

PROCEDURE O R T O N 3

TOL   = 0.1
TOLMIN= 1e-06

COLUMN NO.:    1
TRY COL. NO.   1
ABSMAX[   5,   1]= 5.0000000000e+00
NORM[   1]= 4.4721359550e-01

COLUMN NO.:    2
TRY COL. NO.   2
ABSMAX[   5,   2]= 6.0000000000e+00
NORM[   2]= 5.2174919475e-01

TOL   = 1.0000000000e-01
TOLMIN= 1.0000000000e-06

COLUMN NO.:    3
TRY COL. NO.   3
ABSMAX[   3,   3]= 3.0000000000e+00
NORM[   3]= 2.8187902070e+00
REPEATED ORTHOG.
NORM[   3]= 2.8187902070e+00

COLUMN NO.:    4
TRY COL. NO.   4
ABSMAX[   7,   4]= 4.0000000000e+00
NORM[   4]= 1.0092324947e+00
REPEATED ORTHOG.
NORM[   4]= 1.0092324947e+00

COLUMN NO.:    5
TRY COL. NO.   5
ABSMAX[   1,   5]= 3.0000000000e+00
NORM[   5]= 1.2276928902e+00
REPEATED ORTHOG.
NORM[   5]= 1.2276928902e+00

COLUMN NO.:    6
TRY COL. NO.   6
ABSMAX[   4,   6]= 2.0000000000e+00
NORM[   6]= 1.1270592518e+00
REPEATED ORTHOG.
NORM[   6]= 1.1270592518e+00


                1                 2                 3                 4 

   1     4.472135955e-01   8.944271910e-01   2.365080824e-01   8.105022831e-01 
   2     8.944271910e-01   1.469416099e+00   4.054424270e-01   2.465753425e-01 
   3     1.341640786e+00   2.044405008e+00   5.743767716e-01   2.682648402e+00 
   4     1.788854382e+00   2.619393916e+00   5.068030338e-01  -2.691780822e+00 
   5     2.236067977e+00   3.194382825e+00   4.392292960e-01  -1.066210046e+00 
   6     4.472135955e-01   8.944271910e-01  -5.613446936e+00   4.824200913e+00 
   7     8.944271910e-01  -4.472135955e-01  -6.902174651e-01   9.611872146e-01 
   8     4.472135955e-01  -7.027642215e-01  -3.378686892e-01   1.127853881e+00 
   9     8.944271910e-01   8.305395345e-01   3.378686892e-02  -4.312785388e+00 
  10     8.497058314e+00   1.188310411e+01   1.993425266e+00  -3.454337900e+00 
  11     4.024922359e+00   5.813776741e+00   1.419048495e+00  -5.136986301e+00 
  12     4.472135955e-01   2.555506260e-01  -1.689343446e-02  -3.436073059e-01 
  13     0.000000000e+00   3.194382825e-01   6.757373784e-02  -6.255707763e-01 
  14     0.000000000e+00   0.000000000e+00   1.182540412e-01   1.405251142e+00 

                5                 6 

   1     2.448630137e+00   6.723744292e-01 
   2     1.054794521e+00  -5.616438356e-01 
   3    -2.339041096e+00   2.043378995e-01 
   4    -1.815068493e-01   1.297945205e+00 
   5     9.760273973e-01  -1.608447489e+00 
   6    -1.770547945e+00   1.918949772e+00 
   7     3.767123288e-02   3.847031963e-01 
   8     7.876712329e-01   4.680365297e-01 
   9    -7.876712329e-02  -4.680365297e-02 
  10    -4.647260274e+00  -2.761415525e+00 
  11    -3.308219178e+00  -1.965753425e+00 
  12     3.938356164e-02   2.340182648e-02 
  13    -1.575342466e-01  -9.360730594e-02 
  14    -2.756849315e-01  -1.638127854e-01 
